1850 
3697     18.651     16.638      0.578
3571    -18.651    -16.638     -0.578
1610     13.926    -12.040     -7.816
668      0.000      0.000      0.000
665      0.000      0.000      0.000
666      0.000      0.000      0.000
687      0.000      0.000      0.000
669      0.000      0.000      0.000
670      0.000      0.000      0.000
672      0.000      0.000      0.000
705      0.000      0.000      0.000
689      0.000      0.000      0.000
698      0.000      0.000      0.000
685      0.000      0.000      0.000
697      0.000      0.000      0.000
699      0.000      0.000      0.000
700      0.000      0.000      0.000
686      0.000      0.000      0.000
688      0.000      0.000      0.000
703      0.000      0.000      0.000
690      0.000      0.000      0.000
696      0.000      0.000      0.000
765      0.000      0.000      0.000
701      0.000      0.000      0.000
724      0.000      0.000      0.000
723      0.000      0.000      0.000
746      0.000      0.000      0.000
725      0.000      0.000      0.000
706      0.000      0.000      0.000
709      0.000      0.000      0.000
720      0.000      0.000      0.000
764      0.000      0.000      0.000
721      0.000      0.000      0.000
743      0.000      0.000      0.000
790      0.000      0.000      0.000
722      0.000      0.000      0.000
745      0.000      0.000      0.000
740      0.000      0.000      0.000
742      0.000      0.000      0.000
767      0.000      0.000      0.000
744      0.000      0.000      0.000
793      0.000      0.000      0.000
771      0.000      0.000      0.000
833      0.000      0.000      0.000
773      0.000      0.000      0.000
785      0.000      0.000      0.000
762      0.000      0.000      0.000
763      0.000      0.000      0.000
809      0.000      0.000      0.000
788      0.000      0.000      0.000
768      0.000      0.000      0.000
791      0.000      0.000      0.000
792      0.000      0.000      0.000
772      0.000      0.000      0.000
835      0.000      0.000      0.000
815      0.000      0.000      0.000
825      0.000      0.000      0.000
787      0.000      0.000      0.000
789      0.000      0.000      0.000
830      0.000      0.000      0.000
813      0.000      0.000      0.000
808      0.000      0.000      0.000
823      0.000      0.000      0.000
827      0.000      0.000      0.000
812      0.000      0.000      0.000
811      0.000      0.000      0.000
878      0.000      0.000      0.000
846      0.000      0.000      0.000
814      0.000      0.000      0.000
844      0.000      0.000      0.000
856      0.000      0.000      0.000
874      0.000      0.000      0.000
858      0.000      0.000      0.000
857      0.000      0.000      0.000
829      0.000      0.000      0.000
831      0.000      0.000      0.000
845      0.000      0.000      0.000
864      0.000      0.000      0.000
859      0.000      0.000      0.000
936      0.000      0.000      0.000
882      0.000      0.000      0.000
919      0.000      0.000      0.000
920      0.000      0.000      0.000
901      0.000      0.000      0.000
922      0.000      0.000      0.000
902      0.000      0.000      0.000
877      0.000      0.000      0.000
905      0.000      0.000      0.000
880      0.000      0.000      0.000
881      0.000      0.000      0.000
863      0.000      0.000      0.000
956      0.000      0.000      0.000
884      0.000      0.000      0.000
926      0.000      0.000      0.000
906      0.000      0.000      0.000
873      0.000      0.000      0.000
933      0.000      0.000      0.000
934      0.000      0.000      0.000
883      0.000      0.000      0.000
886      0.000      0.000      0.000
1083      0.000      0.000      0.000
972      0.000      0.000      0.000
987      0.000      0.000      0.000
903      0.000      0.000      0.000
923      0.000      0.000      0.000
904      0.000      0.000      0.000
921      0.000      0.000      0.000
949      0.000      0.000      0.000
937      0.000      0.000      0.000
955      0.000      0.000      0.000
927      0.000      0.000      0.000
998      0.000      0.000      0.000
968      0.000      0.000      0.000
986      0.000      0.000      0.000
953      0.000      0.000      0.000
935      0.000      0.000      0.000
1020      0.000      0.000      0.000
974      0.000      0.000      0.000
957      0.000      0.000      0.000
950      0.000      0.000      0.000
989      0.000      0.000      0.000
1041      0.000      0.000      0.000
958      0.000      0.000      0.000
1034      0.000      0.000      0.000
1035      0.000      0.000      0.000
1148      0.000      0.000      0.000
1052      0.000      0.000      0.000
1018      0.000      0.000      0.000
969      0.000      0.000      0.000
988      0.000      0.000      0.000
975      0.000      0.000      0.000
1074      0.000      0.000      0.000
994      0.000      0.000      0.000
984      0.000      0.000      0.000
1054      0.000      0.000      0.000
991      0.000      0.000      0.000
1036      0.000      0.000      0.000
1019      0.000      0.000      0.000
999      0.000      0.000      0.000
1023      0.000      0.000      0.000
1037      0.000      0.000      0.000
1040      0.000      0.000      0.000
1021      0.000      0.000      0.000
1087      0.000      0.000      0.000
1053      0.000      0.000      0.000
1067      0.000      0.000      0.000
1042      0.000      0.000      0.000
1166      0.000      0.000      0.000
1050      0.000      0.000      0.000
1123      0.000      0.000      0.000
1088      0.000      0.000      0.000
1089      0.000      0.000      0.000
1090      0.000      0.000      0.000
1055      0.000      0.000      0.000
1070      0.000      0.000      0.000
1108      0.000      0.000      0.000
1131      0.000      0.000      0.000
1121      0.000      0.000      0.000
1252      0.000      0.000      0.000
1091      0.000      0.000      0.000
1072      0.000      0.000      0.000
1073      0.000      0.000      0.000
1085      0.000      0.000      0.000
1169      0.000      0.000      0.000
1103      0.000      0.000      0.000
1129      0.000      0.000      0.000
1156      0.000      0.000      0.000
1092      0.000      0.000      0.000
1204      0.000      0.000      0.000
1255      0.000      0.000      0.000
1149      0.000      0.000      0.000
1104      0.000      0.000      0.000
1126      0.000      0.000      0.000
1122      0.000      0.000      0.000
1167      0.000      0.000      0.000
1150      0.000      0.000      0.000
1124      0.000      0.000      0.000
1154      0.000      0.000      0.000
1189      0.000      0.000      0.000
1130      0.000      0.000      0.000
1137      0.000      0.000      0.000
1187      0.000      0.000      0.000
1170      0.000      0.000      0.000
1134      0.000      0.000      0.000
1135      0.000      0.000      0.000
1219      0.000      0.000      0.000
1191      0.000      0.000      0.000
1277      0.000      0.000      0.000
1186      0.000      0.000      0.000
1202      0.000      0.000      0.000
1220      0.000      0.000      0.000
1152      0.000      0.000      0.000
1174      0.000      0.000      0.000
1185      0.000      0.000      0.000
1200      0.000      0.000      0.000
1218      0.000      0.000      0.000
1188      0.000      0.000      0.000
1190      0.000      0.000      0.000
1192      0.000      0.000      0.000
1198      0.000      0.000      0.000
1274      0.000      0.000      0.000
1275      0.000      0.000      0.000
1233      0.000      0.000      0.000
1278      0.000      0.000      0.000
1259      0.000      0.000      0.000
1353      0.000      0.000      0.000
1222      0.000      0.000      0.000
1261      0.000      0.000      0.000
1205      0.000      0.000      0.000
1215      0.000      0.000      0.000
1254      0.000      0.000      0.000
1217      0.000      0.000      0.000
1258      0.000      0.000      0.000
1279      0.000      0.000      0.000
1280      0.000      0.000      0.000
1221      0.000      0.000      0.000
1223      0.000      0.000      0.000
1262      0.000      0.000      0.000
1230      0.000      0.000      0.000
1273      0.000      0.000      0.000
1295      0.000      0.000      0.000
1232      0.000      0.000      0.000
1297      0.000      0.000      0.000
1309      0.000      0.000      0.000
1323      0.000      0.000      0.000
1238      0.000      0.000      0.000
1239      0.000      0.000      0.000
1240      0.000      0.000      0.000
1257      0.000      0.000      0.000
1324      0.000      0.000      0.000
1354      0.000      0.000      0.000
1283      0.000      0.000      0.000
1276      0.000      0.000      0.000
1308      0.000      0.000      0.000
1235      0.000      0.000      0.000
1327      0.000      0.000      0.000
1339      0.000      0.000      0.000
1292      0.000      0.000      0.000
1293      0.000      0.000      0.000
1294      0.000      0.000      0.000
1345      0.000      0.000      0.000
1298      0.000      0.000      0.000
1352      0.000      0.000      0.000
1355      0.000      0.000      0.000
1367      0.000      0.000      0.000
1338      0.000      0.000      0.000
1342      0.000      0.000      0.000
1350      0.000      0.000      0.000
1374      0.000      0.000      0.000
1357      0.000      0.000      0.000
1368      0.000      0.000      0.000
1429      0.000      0.000      0.000
1321      0.000      0.000      0.000
1346      0.000      0.000      0.000
1322      0.000      0.000      0.000
1371      0.000      0.000      0.000
1329      0.000      0.000      0.000
1328      0.000      0.000      0.000
1330      0.000      0.000      0.000
1406      0.000      0.000      0.000
1343      0.000      0.000      0.000
1370      0.000      0.000      0.000
1347      0.000      0.000      0.000
1348      0.000      0.000      0.000
1390      0.000      0.000      0.000
1349      0.000      0.000      0.000
1430      0.000      0.000      0.000
1393      0.000      0.000      0.000
1395      0.000      0.000      0.000
1340      0.000      0.000      0.000
1369      0.000      0.000      0.000
1376      0.000      0.000      0.000
1440      0.000      0.000      0.000
1427      0.000      0.000      0.000
1456      0.000      0.000      0.000
1388      0.000      0.000      0.000
1491      0.000      0.000      0.000
1413      0.000      0.000      0.000
1389      0.000      0.000      0.000
1479      0.000      0.000      0.000
1463      0.000      0.000      0.000
1392      0.000      0.000      0.000
1394      0.000      0.000      0.000
1431      0.000      0.000      0.000
1433      0.000      0.000      0.000
1454      0.000      0.000      0.000
1407      0.000      0.000      0.000
1408      0.000      0.000      0.000
1409      0.000      0.000      0.000
1457      0.000      0.000      0.000
1412      0.000      0.000      0.000
1448      0.000      0.000      0.000
1415      0.000      0.000      0.000
1417      0.000      0.000      0.000
1465      0.000      0.000      0.000
1419      0.000      0.000      0.000
1428      0.000      0.000      0.000
1445      0.000      0.000      0.000
1460      0.000      0.000      0.000
1414      0.000      0.000      0.000
1480      0.000      0.000      0.000
1496      0.000      0.000      0.000
1449      0.000      0.000      0.000
1432      0.000      0.000      0.000
1469      0.000      0.000      0.000
1441      0.000      0.000      0.000
1442      0.000      0.000      0.000
1455      0.000      0.000      0.000
1555      0.000      0.000      0.000
1476      0.000      0.000      0.000
1446      0.000      0.000      0.000
1574      0.000      0.000      0.000
1495      0.000      0.000      0.000
1483      0.000      0.000      0.000
1511      0.000      0.000      0.000
1490      0.000      0.000      0.000
1497      0.000      0.000      0.000
1498      0.000      0.000      0.000
1513      0.000      0.000      0.000
1662      0.000      0.000      0.000
1514      0.000      0.000      0.000
1477      0.000      0.000      0.000
1478      0.000      0.000      0.000
1517      0.000      0.000      0.000
1482      0.000      0.000      0.000
1484      0.000      0.000      0.000
1499      0.000      0.000      0.000
1467      0.000      0.000      0.000
1520      0.000      0.000      0.000
1551      0.000      0.000      0.000
1568      0.000      0.000      0.000
1512      0.000      0.000      0.000
1573      0.000      0.000      0.000
1515      0.000      0.000      0.000
1516      0.000      0.000      0.000
1494      0.000      0.000      0.000
1539      0.000      0.000      0.000
1501      0.000      0.000      0.000
1532      0.000      0.000      0.000
1557      0.000      0.000      0.000
1597      0.000      0.000      0.000
1601      0.000      0.000      0.000
1561      0.000      0.000      0.000
1602      0.000      0.000      0.000
1518      0.000      0.000      0.000
1521      0.000      0.000      0.000
1567      0.000      0.000      0.000
1553      0.000      0.000      0.000
1621      0.000      0.000      0.000
1570      0.000      0.000      0.000
1569      0.000      0.000      0.000
1530      0.000      0.000      0.000
1533      0.000      0.000      0.000
1572      0.000      0.000      0.000
1535      0.000      0.000      0.000
1644      0.000      0.000      0.000
1537      0.000      0.000      0.000
1646      0.000      0.000      0.000
1591      0.000      0.000      0.000
1552      0.000      0.000      0.000
1618      0.000      0.000      0.000
1678      0.000      0.000      0.000
1531      0.000      0.000      0.000
1559      0.000      0.000      0.000
1577      0.000      0.000      0.000
1626      0.000      0.000      0.000
1627      0.000      0.000      0.000
1562      0.000      0.000      0.000
1605      0.000      0.000      0.000
1615      0.000      0.000      0.000
1703      0.000      0.000      0.000
1571      0.000      0.000      0.000
1596      0.000      0.000      0.000
1575      0.000      0.000      0.000
1578      0.000      0.000      0.000
1579      0.000      0.000      0.000
1629      0.000      0.000      0.000
1640      0.000      0.000      0.000
1616      0.000      0.000      0.000
1589      0.000      0.000      0.000
1675      0.000      0.000      0.000
1617      0.000      0.000      0.000
1592      0.000      0.000      0.000
1619      0.000      0.000      0.000
1594      0.000      0.000      0.000
1595      0.000      0.000      0.000
1642      0.000      0.000      0.000
1598      0.000      0.000      0.000
1599      0.000      0.000      0.000
1666      0.000      0.000      0.000
1580      0.000      0.000      0.000
1593      0.000      0.000      0.000
1661      0.000      0.000      0.000
1624      0.000      0.000      0.000
1625      0.000      0.000      0.000
1782      0.000      0.000      0.000
1638      0.000      0.000      0.000
1639      0.000      0.000      0.000
1656      0.000      0.000      0.000
1637      0.000      0.000      0.000
1641      0.000      0.000      0.000
1733      0.000      0.000      0.000
1681      0.000      0.000      0.000
1643      0.000      0.000      0.000
1685      0.000      0.000      0.000
1709      0.000      0.000      0.000
1710      0.000      0.000      0.000
1687      0.000      0.000      0.000
1674      0.000      0.000      0.000
1657      0.000      0.000      0.000
1658      0.000      0.000      0.000
1702      0.000      0.000      0.000
1705      0.000      0.000      0.000
1660      0.000      0.000      0.000
1679      0.000      0.000      0.000
1874      0.000      0.000      0.000
1736      0.000      0.000      0.000
1783      0.000      0.000      0.000
1747      0.000      0.000      0.000
1673      0.000      0.000      0.000
1770      0.000      0.000      0.000
1726      0.000      0.000      0.000
1727      0.000      0.000      0.000
1750      0.000      0.000      0.000
1677      0.000      0.000      0.000
1706      0.000      0.000      0.000
1680      0.000      0.000      0.000
1708      0.000      0.000      0.000
1753      0.000      0.000      0.000
1664      0.000      0.000      0.000
1686      0.000      0.000      0.000
1665      0.000      0.000      0.000
1760      0.000      0.000      0.000
1761      0.000      0.000      0.000
1858      0.000      0.000      0.000
1762      0.000      0.000      0.000
1737      0.000      0.000      0.000
1713      0.000      0.000      0.000
1699      0.000      0.000      0.000
1721      0.000      0.000      0.000
1698      0.000      0.000      0.000
1697      0.000      0.000      0.000
1700      0.000      0.000      0.000
1794      0.000      0.000      0.000
1701      0.000      0.000      0.000
1725      0.000      0.000      0.000
1798      0.000      0.000      0.000
1704      0.000      0.000      0.000
1828      0.000      0.000      0.000
1732      0.000      0.000      0.000
1682      0.000      0.000      0.000
1775      0.000      0.000      0.000
1734      0.000      0.000      0.000
1777      0.000      0.000      0.000
1836      0.000      0.000      0.000
1809      0.000      0.000      0.000
1722      0.000      0.000      0.000
1723      0.000      0.000      0.000
1867      0.000      0.000      0.000
1729      0.000      0.000      0.000
1728      0.000      0.000      0.000
1916      0.000      0.000      0.000
1772      0.000      0.000      0.000
1754      0.000      0.000      0.000
1779      0.000      0.000      0.000
1784      0.000      0.000      0.000
1888      0.000      0.000      0.000
1748      0.000      0.000      0.000
1796      0.000      0.000      0.000
1749      0.000      0.000      0.000
1771      0.000      0.000      0.000
1752      0.000      0.000      0.000
1731      0.000      0.000      0.000
1773      0.000      0.000      0.000
1755      0.000      0.000      0.000
1757      0.000      0.000      0.000
1759      0.000      0.000      0.000
1785      0.000      0.000      0.000
1822      0.000      0.000      0.000
1795      0.000      0.000      0.000
1849      0.000      0.000      0.000
1826      0.000      0.000      0.000
1799      0.000      0.000      0.000
1800      0.000      0.000      0.000
2000      0.000      0.000      0.000
1751      0.000      0.000      0.000
1774      0.000      0.000      0.000
1833      0.000      0.000      0.000
1835      0.000      0.000      0.000
1780      0.000      0.000      0.000
1900      0.000      0.000      0.000
1763      0.000      0.000      0.000
1821      0.000      0.000      0.000
1823      0.000      0.000      0.000
1890      0.000      0.000      0.000
1824      0.000      0.000      0.000
1851      0.000      0.000      0.000
1893      0.000      0.000      0.000
1803      0.000      0.000      0.000
1802      0.000      0.000      0.000
1804      0.000      0.000      0.000
1805      0.000      0.000      0.000
1807      0.000      0.000      0.000
1876      0.000      0.000      0.000
1901      0.000      0.000      0.000
1859      0.000      0.000      0.000
1889      0.000      0.000      0.000
1827      0.000      0.000      0.000
1870      0.000      0.000      0.000
1892      0.000      0.000      0.000
1871      0.000      0.000      0.000
1829      0.000      0.000      0.000
1831      0.000      0.000      0.000
1852      0.000      0.000      0.000
1895      0.000      0.000      0.000
1837      0.000      0.000      0.000
1912      0.000      0.000      0.000
1913      0.000      0.000      0.000
1868      0.000      0.000      0.000
1847      0.000      0.000      0.000
1850      0.000      0.000      0.000
1915      0.000      0.000      0.000
1932      0.000      0.000      0.000
1872      0.000      0.000      0.000
1832      0.000      0.000      0.000
1853      0.000      0.000      0.000
1854      0.000      0.000      0.000
1897      0.000      0.000      0.000
1877      0.000      0.000      0.000
1856      0.000      0.000      0.000
1920      0.000      0.000      0.000
1878      0.000      0.000      0.000
1904      0.000      0.000      0.000
1860      0.000      0.000      0.000
1907      0.000      0.000      0.000
2019      0.000      0.000      0.000
1958      0.000      0.000      0.000
1933      0.000      0.000      0.000
1930      0.000      0.000      0.000
1917      0.000      0.000      0.000
1938      0.000      0.000      0.000
1899      0.000      0.000      0.000
1905      0.000      0.000      0.000
1956      0.000      0.000      0.000
1928      0.000      0.000      0.000
1931      0.000      0.000      0.000
1960      0.000      0.000      0.000
1996      0.000      0.000      0.000
1937      0.000      0.000      0.000
1980      0.000      0.000      0.000
1898      0.000      0.000      0.000
1942      0.000      0.000      0.000
1967      0.000      0.000      0.000
1974      0.000      0.000      0.000
1976      0.000      0.000      0.000
1991      0.000      0.000      0.000
1990      0.000      0.000      0.000
1936      0.000      0.000      0.000
1963      0.000      0.000      0.000
1919      0.000      0.000      0.000
1918      0.000      0.000      0.000
2006      0.000      0.000      0.000
1981      0.000      0.000      0.000
2135      0.000      0.000      0.000
1989      0.000      0.000      0.000
1927      0.000      0.000      0.000
1934      0.000      0.000      0.000
1961      0.000      0.000      0.000
1940      0.000      0.000      0.000
2046      0.000      0.000      0.000
2067      0.000      0.000      0.000
1943      0.000      0.000      0.000
2010      0.000      0.000      0.000
1955      0.000      0.000      0.000
2134      0.000      0.000      0.000
1959      0.000      0.000      0.000
1979      0.000      0.000      0.000
1998      0.000      0.000      0.000
2022      0.000      0.000      0.000
1966      0.000      0.000      0.000
2026      0.000      0.000      0.000
2008      0.000      0.000      0.000
2048      0.000      0.000      0.000
1969      0.000      0.000      0.000
2050      0.000      0.000      0.000
1975      0.000      0.000      0.000
2020      0.000      0.000      0.000
1992      0.000      0.000      0.000
1995      0.000      0.000      0.000
2001      0.000      0.000      0.000
2043      0.000      0.000      0.000
2007      0.000      0.000      0.000
2034      0.000      0.000      0.000
2036      0.000      0.000      0.000
2021      0.000      0.000      0.000
2040      0.000      0.000      0.000
1994      0.000      0.000      0.000
1997      0.000      0.000      0.000
2062      0.000      0.000      0.000
1999      0.000      0.000      0.000
2118      0.000      0.000      0.000
2176      0.000      0.000      0.000
2024      0.000      0.000      0.000
2002      0.000      0.000      0.000
2045      0.000      0.000      0.000
2037      0.000      0.000      0.000
2058      0.000      0.000      0.000
2038      0.000      0.000      0.000
2059      0.000      0.000      0.000
2061      0.000      0.000      0.000
2023      0.000      0.000      0.000
2025      0.000      0.000      0.000
2005      0.000      0.000      0.000
2083      0.000      0.000      0.000
2076      0.000      0.000      0.000
2136      0.000      0.000      0.000
2039      0.000      0.000      0.000
2091      0.000      0.000      0.000
2041      0.000      0.000      0.000
2042      0.000      0.000      0.000
2121      0.000      0.000      0.000
2102      0.000      0.000      0.000
2044      0.000      0.000      0.000
2068      0.000      0.000      0.000
2069      0.000      0.000      0.000
2051      0.000      0.000      0.000
2117      0.000      0.000      0.000
2174      0.000      0.000      0.000
2080      0.000      0.000      0.000
2120      0.000      0.000      0.000
2099      0.000      0.000      0.000
2105      0.000      0.000      0.000
2077      0.000      0.000      0.000
2115      0.000      0.000      0.000
2092      0.000      0.000      0.000
2140      0.000      0.000      0.000
2172      0.000      0.000      0.000
2095      0.000      0.000      0.000
2079      0.000      0.000      0.000
2143      0.000      0.000      0.000
2098      0.000      0.000      0.000
2145      0.000      0.000      0.000
2123      0.000      0.000      0.000
2147      0.000      0.000      0.000
2220      0.000      0.000      0.000
2202      0.000      0.000      0.000
2149      0.000      0.000      0.000
2240      0.000      0.000      0.000
2070      0.000      0.000      0.000
2264      0.000      0.000      0.000
2170      0.000      0.000      0.000
2090      0.000      0.000      0.000
2230      0.000      0.000      0.000
2192      0.000      0.000      0.000
2116      0.000      0.000      0.000
2093      0.000      0.000      0.000
2171      0.000      0.000      0.000
2094      0.000      0.000      0.000
2138      0.000      0.000      0.000
2097      0.000      0.000      0.000
2119      0.000      0.000      0.000
2122      0.000      0.000      0.000
2148      0.000      0.000      0.000
2157      0.000      0.000      0.000
2250      0.000      0.000      0.000
2194      0.000      0.000      0.000
2195      0.000      0.000      0.000
2205      0.000      0.000      0.000
2133      0.000      0.000      0.000
2191      0.000      0.000      0.000
2252      0.000      0.000      0.000
2141      0.000      0.000      0.000
2142      0.000      0.000      0.000
2224      0.000      0.000      0.000
2229      0.000      0.000      0.000
2213      0.000      0.000      0.000
2159      0.000      0.000      0.000
2160      0.000      0.000      0.000
2161      0.000      0.000      0.000
2162      0.000      0.000      0.000
2179      0.000      0.000      0.000
2203      0.000      0.000      0.000
2262      0.000      0.000      0.000
2225      0.000      0.000      0.000
2231      0.000      0.000      0.000
2251      0.000      0.000      0.000
2215      0.000      0.000      0.000
2173      0.000      0.000      0.000
2218      0.000      0.000      0.000
2258      0.000      0.000      0.000
2175      0.000      0.000      0.000
2197      0.000      0.000      0.000
2180      0.000      0.000      0.000
2201      0.000      0.000      0.000
2261      0.000      0.000      0.000
2223      0.000      0.000      0.000
2190      0.000      0.000      0.000
2211      0.000      0.000      0.000
2308      0.000      0.000      0.000
2193      0.000      0.000      0.000
2310      0.000      0.000      0.000
2255      0.000      0.000      0.000
2214      0.000      0.000      0.000
2279      0.000      0.000      0.000
2199      0.000      0.000      0.000
2334      0.000      0.000      0.000
2204      0.000      0.000      0.000
2305      0.000      0.000      0.000
2292      0.000      0.000      0.000
2273      0.000      0.000      0.000
2216      0.000      0.000      0.000
2217      0.000      0.000      0.000
2275      0.000      0.000      0.000
2314      0.000      0.000      0.000
2259      0.000      0.000      0.000
2237      0.000      0.000      0.000
2260      0.000      0.000      0.000
2239      0.000      0.000      0.000
2210      0.000      0.000      0.000
2256      0.000      0.000      0.000
2327      0.000      0.000      0.000
2238      0.000      0.000      0.000
2241      0.000      0.000      0.000
2362      0.000      0.000      0.000
2307      0.000      0.000      0.000
2257      0.000      0.000      0.000
2296      0.000      0.000      0.000
2333      0.000      0.000      0.000
2335      0.000      0.000      0.000
2222      0.000      0.000      0.000
2353      0.000      0.000      0.000
2263      0.000      0.000      0.000
2323      0.000      0.000      0.000
2361      0.000      0.000      0.000
2274      0.000      0.000      0.000
2295      0.000      0.000      0.000
2375      0.000      0.000      0.000
2312      0.000      0.000      0.000
2277      0.000      0.000      0.000
2338      0.000      0.000      0.000
2280      0.000      0.000      0.000
2293      0.000      0.000      0.000
2294      0.000      0.000      0.000
2373      0.000      0.000      0.000
2433      0.000      0.000      0.000
2329      0.000      0.000      0.000
2332      0.000      0.000      0.000
2350      0.000      0.000      0.000
2316      0.000      0.000      0.000
2306      0.000      0.000      0.000
2309      0.000      0.000      0.000
2406      0.000      0.000      0.000
2313      0.000      0.000      0.000
2330      0.000      0.000      0.000
2315      0.000      0.000      0.000
2439      0.000      0.000      0.000
2324      0.000      0.000      0.000
2386      0.000      0.000      0.000
2326      0.000      0.000      0.000
2426      0.000      0.000      0.000
2405      0.000      0.000      0.000
2347      0.000      0.000      0.000
2412      0.000      0.000      0.000
2328      0.000      0.000      0.000
2348      0.000      0.000      0.000
2364      0.000      0.000      0.000
2394      0.000      0.000      0.000
2378      0.000      0.000      0.000
2365      0.000      0.000      0.000
2370      0.000      0.000      0.000
2372      0.000      0.000      0.000
2430      0.000      0.000      0.000
2390      0.000      0.000      0.000
2457      0.000      0.000      0.000
2376      0.000      0.000      0.000
2395      0.000      0.000      0.000
2379      0.000      0.000      0.000
2399      0.000      0.000      0.000
2369      0.000      0.000      0.000
2470      0.000      0.000      0.000
2563      0.000      0.000      0.000
2388      0.000      0.000      0.000
2371      0.000      0.000      0.000
2411      0.000      0.000      0.000
2475      0.000      0.000      0.000
2392      0.000      0.000      0.000
2415      0.000      0.000      0.000
2393      0.000      0.000      0.000
2381      0.000      0.000      0.000
2532      0.000      0.000      0.000
2382      0.000      0.000      0.000
2500      0.000      0.000      0.000
2427      0.000      0.000      0.000
2387      0.000      0.000      0.000
2410      0.000      0.000      0.000
2456      0.000      0.000      0.000
2512      0.000      0.000      0.000
2432      0.000      0.000      0.000
2398      0.000      0.000      0.000
2468      0.000      0.000      0.000
2453      0.000      0.000      0.000
2409      0.000      0.000      0.000
2511      0.000      0.000      0.000
2414      0.000      0.000      0.000
2477      0.000      0.000      0.000
2461      0.000      0.000      0.000
2617      0.000      0.000      0.000
2437      0.000      0.000      0.000
2428      0.000      0.000      0.000
2429      0.000      0.000      0.000
2473      0.000      0.000      0.000
2478      0.000      0.000      0.000
2434      0.000      0.000      0.000
2436      0.000      0.000      0.000
2469      0.000      0.000      0.000
2490      0.000      0.000      0.000
2474      0.000      0.000      0.000
2548      0.000      0.000      0.000
2458      0.000      0.000      0.000
2460      0.000      0.000      0.000
2494      0.000      0.000      0.000
2495      0.000      0.000      0.000
2516      0.000      0.000      0.000
2485      0.000      0.000      0.000
2544      0.000      0.000      0.000
2525      0.000      0.000      0.000
2488      0.000      0.000      0.000
2527      0.000      0.000      0.000
2583      0.000      0.000      0.000
2547      0.000      0.000      0.000
2585      0.000      0.000      0.000
2476      0.000      0.000      0.000
2531      0.000      0.000      0.000
2591      0.000      0.000      0.000
2533      0.000      0.000      0.000
2535      0.000      0.000      0.000
2486      0.000      0.000      0.000
2564      0.000      0.000      0.000
2546      0.000      0.000      0.000
2491      0.000      0.000      0.000
2492      0.000      0.000      0.000
2493      0.000      0.000      0.000
2529      0.000      0.000      0.000
2496      0.000      0.000      0.000
2592      0.000      0.000      0.000
2536      0.000      0.000      0.000
2714      0.000      0.000      0.000
2524      0.000      0.000      0.000
2515      0.000      0.000      0.000
2600      0.000      0.000      0.000
2589      0.000      0.000      0.000
2595      0.000      0.000      0.000
2542      0.000      0.000      0.000
2598      0.000      0.000      0.000
2528      0.000      0.000      0.000
2587      0.000      0.000      0.000
2568      0.000      0.000      0.000
2507      0.000      0.000      0.000
2543      0.000      0.000      0.000
2643      0.000      0.000      0.000
2738      0.000      0.000      0.000
2508      0.000      0.000      0.000
2630      0.000      0.000      0.000
2631      0.000      0.000      0.000
2582      0.000      0.000      0.000
2599      0.000      0.000      0.000
2614      0.000      0.000      0.000
2637      0.000      0.000      0.000
2608      0.000      0.000      0.000
2579      0.000      0.000      0.000
2584      0.000      0.000      0.000
2649      0.000      0.000      0.000
2566      0.000      0.000      0.000
2567      0.000      0.000      0.000
2570      0.000      0.000      0.000
2601      0.000      0.000      0.000
2571      0.000      0.000      0.000
2611      0.000      0.000      0.000
2580      0.000      0.000      0.000
2671      0.000      0.000      0.000
2632      0.000      0.000      0.000
2633      0.000      0.000      0.000
2651      0.000      0.000      0.000
2653      0.000      0.000      0.000
2596      0.000      0.000      0.000
2629      0.000      0.000      0.000
2693      0.000      0.000      0.000
2645      0.000      0.000      0.000
2616      0.000      0.000      0.000
2628      0.000      0.000      0.000
2610      0.000      0.000      0.000
2675      0.000      0.000      0.000
2635      0.000      0.000      0.000
2615      0.000      0.000      0.000
2745      0.000      0.000      0.000
2622      0.000      0.000      0.000
2694      0.000      0.000      0.000
2718      0.000      0.000      0.000
2634      0.000      0.000      0.000
2698      0.000      0.000      0.000
2680      0.000      0.000      0.000
2654      0.000      0.000      0.000
2747      0.000      0.000      0.000
2748      0.000      0.000      0.000
2732      0.000      0.000      0.000
2656      0.000      0.000      0.000
2692      0.000      0.000      0.000
2737      0.000      0.000      0.000
2642      0.000      0.000      0.000
2754      0.000      0.000      0.000
2647      0.000      0.000      0.000
2674      0.000      0.000      0.000
2673      0.000      0.000      0.000
2697      0.000      0.000      0.000
2551      0.000      0.000      0.000
2669      0.000      0.000      0.000
2691      0.000      0.000      0.000
2670      0.000      0.000      0.000
2742      0.000      0.000      0.000
2676      0.000      0.000      0.000
2703      0.000      0.000      0.000
2679      0.000      0.000      0.000
2728      0.000      0.000      0.000
2733      0.000      0.000      0.000
2623      0.000      0.000      0.000
2690      0.000      0.000      0.000
2717      0.000      0.000      0.000
2695      0.000      0.000      0.000
2696      0.000      0.000      0.000
2881      0.000      0.000      0.000
2806      0.000      0.000      0.000
2755      0.000      0.000      0.000
2723      0.000      0.000      0.000
2699      0.000      0.000      0.000
2702      0.000      0.000      0.000
2677      0.000      0.000      0.000
2701      0.000      0.000      0.000
2724      0.000      0.000      0.000
2678      0.000      0.000      0.000
2700      0.000      0.000      0.000
2727      0.000      0.000      0.000
2726      0.000      0.000      0.000
2704      0.000      0.000      0.000
2758      0.000      0.000      0.000
2736      0.000      0.000      0.000
2713      0.000      0.000      0.000
2715      0.000      0.000      0.000
2768      0.000      0.000      0.000
2915      0.000      0.000      0.000
2716      0.000      0.000      0.000
2720      0.000      0.000      0.000
2804      0.000      0.000      0.000
2771      0.000      0.000      0.000
2722      0.000      0.000      0.000
2756      0.000      0.000      0.000
2743      0.000      0.000      0.000
2775      0.000      0.000      0.000
2746      0.000      0.000      0.000
2729      0.000      0.000      0.000
2730      0.000      0.000      0.000
2707      0.000      0.000      0.000
2864      0.000      0.000      0.000
2740      0.000      0.000      0.000
2794      0.000      0.000      0.000
2744      0.000      0.000      0.000
2774      0.000      0.000      0.000
2773      0.000      0.000      0.000
2849      0.000      0.000      0.000
2875      0.000      0.000      0.000
2785      0.000      0.000      0.000
2824      0.000      0.000      0.000
2800      0.000      0.000      0.000
2767      0.000      0.000      0.000
2753      0.000      0.000      0.000
2866      0.000      0.000      0.000
2867      0.000      0.000      0.000
2826      0.000      0.000      0.000
2792      0.000      0.000      0.000
2793      0.000      0.000      0.000
2827      0.000      0.000      0.000
2872      0.000      0.000      0.000
2874      0.000      0.000      0.000
2765      0.000      0.000      0.000
2766      0.000      0.000      0.000
2787      0.000      0.000      0.000
2865      0.000      0.000      0.000
2839      0.000      0.000      0.000
2801      0.000      0.000      0.000
2772      0.000      0.000      0.000
2808      0.000      0.000      0.000
2810      0.000      0.000      0.000
2832      0.000      0.000      0.000
2776      0.000      0.000      0.000
2902      0.000      0.000      0.000
2885      0.000      0.000      0.000
2777      0.000      0.000      0.000
2786      0.000      0.000      0.000
2788      0.000      0.000      0.000
2789      0.000      0.000      0.000
2840      0.000      0.000      0.000
2896      0.000      0.000      0.000
2829      0.000      0.000      0.000
2848      0.000      0.000      0.000
2851      0.000      0.000      0.000
2841      0.000      0.000      0.000
2807      0.000      0.000      0.000
2809      0.000      0.000      0.000
2795      0.000      0.000      0.000
2879      0.000      0.000      0.000
2913      0.000      0.000      0.000
2802      0.000      0.000      0.000
2843      0.000      0.000      0.000
2870      0.000      0.000      0.000
2830      0.000      0.000      0.000
2831      0.000      0.000      0.000
2853      0.000      0.000      0.000
2891      0.000      0.000      0.000
2911      0.000      0.000      0.000
2880      0.000      0.000      0.000
2894      0.000      0.000      0.000
2805      0.000      0.000      0.000
2828      0.000      0.000      0.000
2846      0.000      0.000      0.000
2847      0.000      0.000      0.000
2965      0.000      0.000      0.000
2898      0.000      0.000      0.000
2900      0.000      0.000      0.000
2968      0.000      0.000      0.000
2918      0.000      0.000      0.000
2919      0.000      0.000      0.000
2871      0.000      0.000      0.000
2966      0.000      0.000      0.000
2923      0.000      0.000      0.000
2942      0.000      0.000      0.000
2877      0.000      0.000      0.000
2903      0.000      0.000      0.000
2947      0.000      0.000      0.000
2910      0.000      0.000      0.000
3196      0.000      0.000      0.000
2932      0.000      0.000      0.000
2980      0.000      0.000      0.000
2882      0.000      0.000      0.000
2897      0.000      0.000      0.000
2937      0.000      0.000      0.000
2939      0.000      0.000      0.000
3021      0.000      0.000      0.000
2884      0.000      0.000      0.000
2904      0.000      0.000      0.000
2959      0.000      0.000      0.000
2892      0.000      0.000      0.000
2948      0.000      0.000      0.000
2931      0.000      0.000      0.000
2962      0.000      0.000      0.000
3000      0.000      0.000      0.000
2999      0.000      0.000      0.000
2936      0.000      0.000      0.000
2954      0.000      0.000      0.000
2984      0.000      0.000      0.000
2921      0.000      0.000      0.000
3038      0.000      0.000      0.000
3177      0.000      0.000      0.000
2933      0.000      0.000      0.000
2917      0.000      0.000      0.000
2940      0.000      0.000      0.000
2899      0.000      0.000      0.000
2922      0.000      0.000      0.000
2955      0.000      0.000      0.000
2941      0.000      0.000      0.000
3026      0.000      0.000      0.000
2929      0.000      0.000      0.000
2958      0.000      0.000      0.000
3036      0.000      0.000      0.000
3009      0.000      0.000      0.000
2998      0.000      0.000      0.000
2981      0.000      0.000      0.000
2983      0.000      0.000      0.000
3115      0.000      0.000      0.000
2997      0.000      0.000      0.000
2950      0.000      0.000      0.000
3041      0.000      0.000      0.000
2963      0.000      0.000      0.000
3014      0.000      0.000      0.000
3078      0.000      0.000      0.000
3016      0.000      0.000      0.000
2982      0.000      0.000      0.000
3001      0.000      0.000      0.000
2970      0.000      0.000      0.000
3037      0.000      0.000      0.000
2960      0.000      0.000      0.000
3011      0.000      0.000      0.000
2964      0.000      0.000      0.000
3046      0.000      0.000      0.000
3045      0.000      0.000      0.000
3022      0.000      0.000      0.000
3007      0.000      0.000      0.000
3010      0.000      0.000      0.000
3059      0.000      0.000      0.000
3015      0.000      0.000      0.000
3044      0.000      0.000      0.000
3020      0.000      0.000      0.000
3023      0.000      0.000      0.000
3050      0.000      0.000      0.000
2969      0.000      0.000      0.000
2995      0.000      0.000      0.000
3060      0.000      0.000      0.000
3018      0.000      0.000      0.000
3096      0.000      0.000      0.000
3085      0.000      0.000      0.000
3002      0.000      0.000      0.000
3100      0.000      0.000      0.000
3191      0.000      0.000      0.000
3067      0.000      0.000      0.000
3028      0.000      0.000      0.000
3008      0.000      0.000      0.000
3077      0.000      0.000      0.000
3013      0.000      0.000      0.000
3043      0.000      0.000      0.000
3079      0.000      0.000      0.000
3062      0.000      0.000      0.000
3083      0.000      0.000      0.000
3019      0.000      0.000      0.000
3063      0.000      0.000      0.000
3035      0.000      0.000      0.000
3089      0.000      0.000      0.000
3058      0.000      0.000      0.000
3108      0.000      0.000      0.000
3080      0.000      0.000      0.000
3097      0.000      0.000      0.000
3084      0.000      0.000      0.000
3064      0.000      0.000      0.000
3047      0.000      0.000      0.000
3048      0.000      0.000      0.000
3197      0.000      0.000      0.000
3040      0.000      0.000      0.000
3181      0.000      0.000      0.000
3123      0.000      0.000      0.000
3109      0.000      0.000      0.000
3081      0.000      0.000      0.000
3098      0.000      0.000      0.000
3113      0.000      0.000      0.000
3065      0.000      0.000      0.000
3024      0.000      0.000      0.000
3075      0.000      0.000      0.000
3092      0.000      0.000      0.000
3122      0.000      0.000      0.000
3086      0.000      0.000      0.000
3120      0.000      0.000      0.000
3105      0.000      0.000      0.000
3140      0.000      0.000      0.000
3180      0.000      0.000      0.000
3142      0.000      0.000      0.000
3091      0.000      0.000      0.000
3093      0.000      0.000      0.000
3110      0.000      0.000      0.000
3147      0.000      0.000      0.000
3138      0.000      0.000      0.000
3202      0.000      0.000      0.000
3162      0.000      0.000      0.000
3124      0.000      0.000      0.000
3127      0.000      0.000      0.000
3111      0.000      0.000      0.000
3112      0.000      0.000      0.000
3128      0.000      0.000      0.000
3129      0.000      0.000      0.000
3150      0.000      0.000      0.000
3131      0.000      0.000      0.000
3190      0.000      0.000      0.000
3087      0.000      0.000      0.000
3153      0.000      0.000      0.000
3090      0.000      0.000      0.000
3182      0.000      0.000      0.000
3144      0.000      0.000      0.000
3145      0.000      0.000      0.000
3164      0.000      0.000      0.000
3297      0.000      0.000      0.000
3125      0.000      0.000      0.000
3126      0.000      0.000      0.000
3165      0.000      0.000      0.000
3188      0.000      0.000      0.000
3139      0.000      0.000      0.000
3221      0.000      0.000      0.000
3158      0.000      0.000      0.000
3223      0.000      0.000      0.000
4684      0.000      0.000      0.000
3342      0.000      0.000      0.000
3148      0.000      0.000      0.000
3149      0.000      0.000      0.000
3151      0.000      0.000      0.000
3210      0.000      0.000      0.000
3157      0.000      0.000      0.000
3161      0.000      0.000      0.000
3146      0.000      0.000      0.000
3278      0.000      0.000      0.000
3298      0.000      0.000      0.000
3185      0.000      0.000      0.000
3187      0.000      0.000      0.000
3229      0.000      0.000      0.000
3245      0.000      0.000      0.000
3167      0.000      0.000      0.000
3168      0.000      0.000      0.000
3233      0.000      0.000      0.000
3178      0.000      0.000      0.000
3200      0.000      0.000      0.000
3277      0.000      0.000      0.000
3244      0.000      0.000      0.000
3183      0.000      0.000      0.000
3340      0.000      0.000      0.000
3204      0.000      0.000      0.000
3246      0.000      0.000      0.000
3230      0.000      0.000      0.000
3207      0.000      0.000      0.000
3192      0.000      0.000      0.000
3236      0.000      0.000      0.000
3255      0.000      0.000      0.000
3256      0.000      0.000      0.000
3176      0.000      0.000      0.000
3199      0.000      0.000      0.000
3225      0.000      0.000      0.000
3228      0.000      0.000      0.000
3262      0.000      0.000      0.000
3205      0.000      0.000      0.000
3206      0.000      0.000      0.000
3249      0.000      0.000      0.000
3307      0.000      0.000      0.000
3371      0.000      0.000      0.000
3276      0.000      0.000      0.000
3224      0.000      0.000      0.000
3226      0.000      0.000      0.000
3227      0.000      0.000      0.000
3247      0.000      0.000      0.000
3248      0.000      0.000      0.000
3234      0.000      0.000      0.000
3253      0.000      0.000      0.000
3242      0.000      0.000      0.000
3281      0.000      0.000      0.000
3250      0.000      0.000      0.000
3251      0.000      0.000      0.000
3364      0.000      0.000      0.000
3295      0.000      0.000      0.000
3313      0.000      0.000      0.000
3314      0.000      0.000      0.000
3263      0.000      0.000      0.000
3331      0.000      0.000      0.000
3264      0.000      0.000      0.000
3208      0.000      0.000      0.000
3265      0.000      0.000      0.000
3252      0.000      0.000      0.000
3268      0.000      0.000      0.000
3290      0.000      0.000      0.000
3373      0.000      0.000      0.000
3260      0.000      0.000      0.000
3294      0.000      0.000      0.000
3311      0.000      0.000      0.000
3328      0.000      0.000      0.000
3312      0.000      0.000      0.000
3397      0.000      0.000      0.000
3330      0.000      0.000      0.000
3316      0.000      0.000      0.000
3301      0.000      0.000      0.000
3282      0.000      0.000      0.000
3317      0.000      0.000      0.000
3283      0.000      0.000      0.000
3334      0.000      0.000      0.000
3308      0.000      0.000      0.000
3338      0.000      0.000      0.000
3291      0.000      0.000      0.000
3339      0.000      0.000      0.000
3378      0.000      0.000      0.000
3296      0.000      0.000      0.000
3395      0.000      0.000      0.000
3341      0.000      0.000      0.000
3343      0.000      0.000      0.000
3344      0.000      0.000      0.000
3359      0.000      0.000      0.000
3360      0.000      0.000      0.000
3318      0.000      0.000      0.000
3319      0.000      0.000      0.000
3320      0.000      0.000      0.000
3410      0.000      0.000      0.000
3353      0.000      0.000      0.000
3505      0.000      0.000      0.000
3358      0.000      0.000      0.000
3332      0.000      0.000      0.000
3345      0.000      0.000      0.000
3542      0.000      0.000      0.000
3303      0.000      0.000      0.000
3326      0.000      0.000      0.000
3327      0.000      0.000      0.000
3450      0.000      0.000      0.000
3394      0.000      0.000      0.000
3379      0.000      0.000      0.000
3361      0.000      0.000      0.000
3346      0.000      0.000      0.000
3404      0.000      0.000      0.000
3480      0.000      0.000      0.000
3411      0.000      0.000      0.000
3398      0.000      0.000      0.000
3380      0.000      0.000      0.000
3347      0.000      0.000      0.000
3479      0.000      0.000      0.000
3392      0.000      0.000      0.000
3586      0.000      0.000      0.000
3482      0.000      0.000      0.000
3393      0.000      0.000      0.000
3355      0.000      0.000      0.000
3396      0.000      0.000      0.000
3554      0.000      0.000      0.000
3356      0.000      0.000      0.000
3400      0.000      0.000      0.000
3401      0.000      0.000      0.000
3362      0.000      0.000      0.000
3423      0.000      0.000      0.000
3445      0.000      0.000      0.000
3484      0.000      0.000      0.000
3431      0.000      0.000      0.000
3451      0.000      0.000      0.000
3418      0.000      0.000      0.000
3381      0.000      0.000      0.000
3363      0.000      0.000      0.000
3440      0.000      0.000      0.000
3405      0.000      0.000      0.000
3446      0.000      0.000      0.000
3449      0.000      0.000      0.000
4741      0.000      0.000      0.000
3435      0.000      0.000      0.000
3399      0.000      0.000      0.000
3453      0.000      0.000      0.000
3402      0.000      0.000      0.000
3439      0.000      0.000      0.000
3413      0.000      0.000      0.000
3415      0.000      0.000      0.000
3414      0.000      0.000      0.000
3416      0.000      0.000      0.000
3417      0.000      0.000      0.000
3420      0.000      0.000      0.000
3470      0.000      0.000      0.000
3419      0.000      0.000      0.000
3454      0.000      0.000      0.000
3471      0.000      0.000      0.000
3422      0.000      0.000      0.000
3425      0.000      0.000      0.000
3463      0.000      0.000      0.000
3429      0.000      0.000      0.000
3483      0.000      0.000      0.000
3432      0.000      0.000      0.000
3434      0.000      0.000      0.000
3527      0.000      0.000      0.000
3436      0.000      0.000      0.000
3437      0.000      0.000      0.000
3455      0.000      0.000      0.000
3475      0.000      0.000      0.000
3497      0.000      0.000      0.000
3496      0.000      0.000      0.000
3523      0.000      0.000      0.000
3448      0.000      0.000      0.000
3507      0.000      0.000      0.000
3489      0.000      0.000      0.000
3468      0.000      0.000      0.000
3493      0.000      0.000      0.000
3515      0.000      0.000      0.000
3456      0.000      0.000      0.000
3543      0.000      0.000      0.000
3462      0.000      0.000      0.000
3590      0.000      0.000      0.000
3551      0.000      0.000      0.000
3508      0.000      0.000      0.000
3487      0.000      0.000      0.000
3488      0.000      0.000      0.000
3467      0.000      0.000      0.000
3452      0.000      0.000      0.000
3594      0.000      0.000      0.000
3491      0.000      0.000      0.000
3494      0.000      0.000      0.000
3514      0.000      0.000      0.000
3469      0.000      0.000      0.000
3539      0.000      0.000      0.000
3555      0.000      0.000      0.000
3574      0.000      0.000      0.000
3490      0.000      0.000      0.000
3492      0.000      0.000      0.000
3512      0.000      0.000      0.000
3535      0.000      0.000      0.000
3540      0.000      0.000      0.000
3495      0.000      0.000      0.000
3608      0.000      0.000      0.000
3652      0.000      0.000      0.000
3603      0.000      0.000      0.000
3589      0.000      0.000      0.000
3592      0.000      0.000      0.000
3486      0.000      0.000      0.000
3526      0.000      0.000      0.000
3572      0.000      0.000      0.000
3573      0.000      0.000      0.000
3528      0.000      0.000      0.000
4709      0.000      0.000      0.000
3510      0.000      0.000      0.000
3556      0.000      0.000      0.000
3533      0.000      0.000      0.000
3537      0.000      0.000      0.000
3538      0.000      0.000      0.000
3517      0.000      0.000      0.000
3519      0.000      0.000      0.000
3557      0.000      0.000      0.000
3530      0.000      0.000      0.000
3532      0.000      0.000      0.000
3531      0.000      0.000      0.000
3558      0.000      0.000      0.000
3534      0.000      0.000      0.000
3536      0.000      0.000      0.000
3541      0.000      0.000      0.000
3633      0.000      0.000      0.000
3672      0.000      0.000      0.000
4848      0.000      0.000      0.000
3640      0.000      0.000      0.000
3550      0.000      0.000      0.000
3591      0.000      0.000      0.000
3553      0.000      0.000      0.000
3576      0.000      0.000      0.000
3607      0.000      0.000      0.000
3577      0.000      0.000      0.000
3596      0.000      0.000      0.000
3579      0.000      0.000      0.000
3601      0.000      0.000      0.000
3569      0.000      0.000      0.000
3667      0.000      0.000      0.000
3575      0.000      0.000      0.000
3561      0.000      0.000      0.000
4866      0.000      0.000      0.000
3585      0.000      0.000      0.000
3625      0.000      0.000      0.000
3639      0.000      0.000      0.000
3742      0.000      0.000      0.000
3616      0.000      0.000      0.000
3593      0.000      0.000      0.000
3605      0.000      0.000      0.000
3631      0.000      0.000      0.000
3606      0.000      0.000      0.000
3620      0.000      0.000      0.000
3646      0.000      0.000      0.000
3685      0.000      0.000      0.000
3614      0.000      0.000      0.000
3709      0.000      0.000      0.000
3691      0.000      0.000      0.000
3692      0.000      0.000      0.000
3645      0.000      0.000      0.000
3618      0.000      0.000      0.000
3609      0.000      0.000      0.000
3635      0.000      0.000      0.000
3714      0.000      0.000      0.000
3602      0.000      0.000      0.000
3718      0.000      0.000      0.000
3678      0.000      0.000      0.000
3711      0.000      0.000      0.000
3669      0.000      0.000      0.000
3632      0.000      0.000      0.000
3675      0.000      0.000      0.000
3630      0.000      0.000      0.000
3634      0.000      0.000      0.000
3687      0.000      0.000      0.000
3642      0.000      0.000      0.000
3676      0.000      0.000      0.000
3629      0.000      0.000      0.000
3665      0.000      0.000      0.000
3710      0.000      0.000      0.000
3721      0.000      0.000      0.000
3647      0.000      0.000      0.000
3651      0.000      0.000      0.000
3661      0.000      0.000      0.000
3643      0.000      0.000      0.000
3722      0.000      0.000      0.000
3668      0.000      0.000      0.000
3670      0.000      0.000      0.000
3704      0.000      0.000      0.000
3706      0.000      0.000      0.000
3695      0.000      0.000      0.000
3779      0.000      0.000      0.000
3713      0.000      0.000      0.000
3686      0.000      0.000      0.000
3693      0.000      0.000      0.000
3762      0.000      0.000      0.000
3681      0.000      0.000      0.000
3705      0.000      0.000      0.000
3708      0.000      0.000      0.000
3720      0.000      0.000      0.000
3749      0.000      0.000      0.000
3750      0.000      0.000      0.000
3738      0.000      0.000      0.000
3712      0.000      0.000      0.000
3716      0.000      0.000      0.000
3773      0.000      0.000      0.000
3733      0.000      0.000      0.000
3717      0.000      0.000      0.000
3747      0.000      0.000      0.000
3719      0.000      0.000      0.000
3761      0.000      0.000      0.000
3723      0.000      0.000      0.000
3725      0.000      0.000      0.000
3757      0.000      0.000      0.000
3802      0.000      0.000      0.000
3732      0.000      0.000      0.000
3748      0.000      0.000      0.000
3736      0.000      0.000      0.000
3739      0.000      0.000      0.000
3812      0.000      0.000      0.000
3841      0.000      0.000      0.000
3741      0.000      0.000      0.000
3830      0.000      0.000      0.000
3771      0.000      0.000      0.000
3772      0.000      0.000      0.000
3745      0.000      0.000      0.000
3806      0.000      0.000      0.000
3869      0.000      0.000      0.000
3775      0.000      0.000      0.000
3809      0.000      0.000      0.000
3811      0.000      0.000      0.000
3780      0.000      0.000      0.000
3788      0.000      0.000      0.000
3829      0.000      0.000      0.000
3818      0.000      0.000      0.000
3867      0.000      0.000      0.000
3760      0.000      0.000      0.000
3836      0.000      0.000      0.000
3763      0.000      0.000      0.000
3764      0.000      0.000      0.000
3777      0.000      0.000      0.000
3840      0.000      0.000      0.000
3848      0.000      0.000      0.000
3832      0.000      0.000      0.000
3793      0.000      0.000      0.000
3805      0.000      0.000      0.000
3853      0.000      0.000      0.000
3776      0.000      0.000      0.000
3813      0.000      0.000      0.000
2814      0.000      0.000      0.000
3814      0.000      0.000      0.000
3828      0.000      0.000      0.000
3851      0.000      0.000      0.000
3794      0.000      0.000      0.000
3837      0.000      0.000      0.000
3795      0.000      0.000      0.000
3820      0.000      0.000      0.000
3796      0.000      0.000      0.000
3868      0.000      0.000      0.000
3872      0.000      0.000      0.000
3827      0.000      0.000      0.000
3892      0.000      0.000      0.000
3879      0.000      0.000      0.000
3834      0.000      0.000      0.000
3918      0.000      0.000      0.000
2815      0.000      0.000      0.000
3842      0.000      0.000      0.000
3908      0.000      0.000      0.000
3865      0.000      0.000      0.000
3949      0.000      0.000      0.000
3899      0.000      0.000      0.000
3838      0.000      0.000      0.000
3883      0.000      0.000      0.000
3941      0.000      0.000      0.000
3858      0.000      0.000      0.000
3901      0.000      0.000      0.000
3849      0.000      0.000      0.000
3864      0.000      0.000      0.000
3880      0.000      0.000      0.000
3870      0.000      0.000      0.000
3882      0.000      0.000      0.000
3920      0.000      0.000      0.000
3855      0.000      0.000      0.000
3909      0.000      0.000      0.000
4022      0.000      0.000      0.000
3934      0.000      0.000      0.000
3898      0.000      0.000      0.000
3900      0.000      0.000      0.000
3922      0.000      0.000      0.000
3923      0.000      0.000      0.000
3857      0.000      0.000      0.000
3875      0.000      0.000      0.000
3907      0.000      0.000      0.000
3946      0.000      0.000      0.000
3931      0.000      0.000      0.000
3947      0.000      0.000      0.000
3936      0.000      0.000      0.000
3881      0.000      0.000      0.000
3884      0.000      0.000      0.000
3925      0.000      0.000      0.000
3866      0.000      0.000      0.000
3958      0.000      0.000      0.000
3950      0.000      0.000      0.000
4856      0.000      0.000      0.000
3939      0.000      0.000      0.000
3924      0.000      0.000      0.000
3986      0.000      0.000      0.000
3915      0.000      0.000      0.000
3919      0.000      0.000      0.000
3962      0.000      0.000      0.000
3952      0.000      0.000      0.000
3957      0.000      0.000      0.000
3912      0.000      0.000      0.000
3971      0.000      0.000      0.000
3937      0.000      0.000      0.000
3989      0.000      0.000      0.000
3960      0.000      0.000      0.000
3976      0.000      0.000      0.000
3994      0.000      0.000      0.000
4826      0.000      0.000      0.000
3981      0.000      0.000      0.000
4018      0.000      0.000      0.000
4023      0.000      0.000      0.000
3975      0.000      0.000      0.000
4906      0.000      0.000      0.000
3992      0.000      0.000      0.000
4030      0.000      0.000      0.000
3954      0.000      0.000      0.000
3979      0.000      0.000      0.000
3980      0.000      0.000      0.000
3956      0.000      0.000      0.000
3969      0.000      0.000      0.000
4008      0.000      0.000      0.000
4009      0.000      0.000      0.000
3961      0.000      0.000      0.000
3990      0.000      0.000      0.000
3995      0.000      0.000      0.000
4057      0.000      0.000      0.000
4078      0.000      0.000      0.000
4021      0.000      0.000      0.000
3973      0.000      0.000      0.000
4025      0.000      0.000      0.000
4027      0.000      0.000      0.000
3978      0.000      0.000      0.000
4048      0.000      0.000      0.000
3996      0.000      0.000      0.000
3984      0.000      0.000      0.000
3987      0.000      0.000      0.000
4120      0.000      0.000      0.000
4061      0.000      0.000      0.000
4042      0.000      0.000      0.000
4043      0.000      0.000      0.000
4010      0.000      0.000      0.000
4011      0.000      0.000      0.000
4034      0.000      0.000      0.000
4012      0.000      0.000      0.000
4013      0.000      0.000      0.000
4031      0.000      0.000      0.000
3993      0.000      0.000      0.000
4858      0.000      0.000      0.000
4032      0.000      0.000      0.000
4079      0.000      0.000      0.000
4114      0.000      0.000      0.000
4040      0.000      0.000      0.000
4087      0.000      0.000      0.000
4089      0.000      0.000      0.000
4063      0.000      0.000      0.000
4102      0.000      0.000      0.000
4073      0.000      0.000      0.000
4028      0.000      0.000      0.000
4033      0.000      0.000      0.000
4142      0.000      0.000      0.000
4056      0.000      0.000      0.000
4037      0.000      0.000      0.000
4081      0.000      0.000      0.000
4184      0.000      0.000      0.000
4086      0.000      0.000      0.000
4084      0.000      0.000      0.000
4090      0.000      0.000      0.000
4100      0.000      0.000      0.000
4026      0.000      0.000      0.000
4066      0.000      0.000      0.000
4044      0.000      0.000      0.000
4046      0.000      0.000      0.000
4045      0.000      0.000      0.000
4067      0.000      0.000      0.000
4029      0.000      0.000      0.000
4069      0.000      0.000      0.000
4068      0.000      0.000      0.000
4049      0.000      0.000      0.000
4058      0.000      0.000      0.000
4059      0.000      0.000      0.000
4115      0.000      0.000      0.000
4159      0.000      0.000      0.000
4070      0.000      0.000      0.000
4071      0.000      0.000      0.000
4137      0.000      0.000      0.000
4088      0.000      0.000      0.000
4139      0.000      0.000      0.000
4141      0.000      0.000      0.000
4103      0.000      0.000      0.000
4098      0.000      0.000      0.000
4099      0.000      0.000      0.000
4150      0.000      0.000      0.000
4119      0.000      0.000      0.000
4121      0.000      0.000      0.000
4101      0.000      0.000      0.000
4105      0.000      0.000      0.000
4107      0.000      0.000      0.000
4173      0.000      0.000      0.000
4118      0.000      0.000      0.000
4157      0.000      0.000      0.000
4138      0.000      0.000      0.000
4124      0.000      0.000      0.000
4104      0.000      0.000      0.000
4178      0.000      0.000      0.000
4191      0.000      0.000      0.000
4215      0.000      0.000      0.000
4136      0.000      0.000      0.000
4140      0.000      0.000      0.000
4153      0.000      0.000      0.000
4163      0.000      0.000      0.000
4165      0.000      0.000      0.000
4220      0.000      0.000      0.000
4182      0.000      0.000      0.000
4213      0.000      0.000      0.000
4148      0.000      0.000      0.000
4186      0.000      0.000      0.000
4201      0.000      0.000      0.000
4152      0.000      0.000      0.000
4175      0.000      0.000      0.000
4176      0.000      0.000      0.000
4154      0.000      0.000      0.000
4158      0.000      0.000      0.000
4174      0.000      0.000      0.000
4218      0.000      0.000      0.000
4202      0.000      0.000      0.000
4189      0.000      0.000      0.000
4166      0.000      0.000      0.000
4197      0.000      0.000      0.000
4214      0.000      0.000      0.000
4243      0.000      0.000      0.000
4160      0.000      0.000      0.000
4177      0.000      0.000      0.000
4200      0.000      0.000      0.000
4234      0.000      0.000      0.000
4190      0.000      0.000      0.000
4277      0.000      0.000      0.000
4198      0.000      0.000      0.000
4252      0.000      0.000      0.000
4185      0.000      0.000      0.000
4217      0.000      0.000      0.000
4233      0.000      0.000      0.000
4203      0.000      0.000      0.000
4255      0.000      0.000      0.000
4219      0.000      0.000      0.000
4251      0.000      0.000      0.000
4210      0.000      0.000      0.000
4231      0.000      0.000      0.000
4281      0.000      0.000      0.000
4232      0.000      0.000      0.000
4271      0.000      0.000      0.000
4272      0.000      0.000      0.000
4247      0.000      0.000      0.000
4221      0.000      0.000      0.000
4248      0.000      0.000      0.000
4276      0.000      0.000      0.000
4279      0.000      0.000      0.000
4229      0.000      0.000      0.000
4321      0.000      0.000      0.000
4256      0.000      0.000      0.000
4211      0.000      0.000      0.000
4227      0.000      0.000      0.000
4278      0.000      0.000      0.000
4292      0.000      0.000      0.000
4295      0.000      0.000      0.000
4235      0.000      0.000      0.000
4291      0.000      0.000      0.000
4293      0.000      0.000      0.000
4304      0.000      0.000      0.000
4254      0.000      0.000      0.000
4257      0.000      0.000      0.000
4266      0.000      0.000      0.000
4268      0.000      0.000      0.000
4270      0.000      0.000      0.000
4283      0.000      0.000      0.000
4300      0.000      0.000      0.000
4302      0.000      0.000      0.000
4280      0.000      0.000      0.000
4324      0.000      0.000      0.000
4315      0.000      0.000      0.000
4330      0.000      0.000      0.000
4269      0.000      0.000      0.000
4345      0.000      0.000      0.000
4323      0.000      0.000      0.000
4336      0.000      0.000      0.000
4284      0.000      0.000      0.000
4289      0.000      0.000      0.000
4299      0.000      0.000      0.000
4329      0.000      0.000      0.000
4316      0.000      0.000      0.000
4301      0.000      0.000      0.000
4332      0.000      0.000      0.000
4343      0.000      0.000      0.000
4333      0.000      0.000      0.000
4305      0.000      0.000      0.000
4346      0.000      0.000      0.000
4318      0.000      0.000      0.000
4355      0.000      0.000      0.000
4320      0.000      0.000      0.000
4357      0.000      0.000      0.000
4344      0.000      0.000      0.000
4322      0.000      0.000      0.000
4359      0.000      0.000      0.000
4374      0.000      0.000      0.000
4366      0.000      0.000      0.000
4342      0.000      0.000      0.000
4381      0.000      0.000      0.000
4352      0.000      0.000      0.000
4354      0.000      0.000      0.000
4384      0.000      0.000      0.000
4348      0.000      0.000      0.000
4370      0.000      0.000      0.000
4382      0.000      0.000      0.000
4360      0.000      0.000      0.000
4380      0.000      0.000      0.000
4367      0.000      0.000      0.000
4371      0.000      0.000      0.000
4372      0.000      0.000      0.000
4373      0.000      0.000      0.000
4393      0.000      0.000      0.000
4399      0.000      0.000      0.000
4400      0.000      0.000      0.000
4431      0.000      0.000      0.000
4394      0.000      0.000      0.000
4395      0.000      0.000      0.000
4396      0.000      0.000      0.000
4397      0.000      0.000      0.000
4398      0.000      0.000      0.000
4429      0.000      0.000      0.000
4413      0.000      0.000      0.000
4401      0.000      0.000      0.000
4414      0.000      0.000      0.000
4451      0.000      0.000      0.000
4415      0.000      0.000      0.000
4408      0.000      0.000      0.000
4410      0.000      0.000      0.000
4411      0.000      0.000      0.000
4447      0.000      0.000      0.000
4427      0.000      0.000      0.000
4425      0.000      0.000      0.000
4437      0.000      0.000      0.000
4426      0.000      0.000      0.000
4428      0.000      0.000      0.000
4430      0.000      0.000      0.000
4441      0.000      0.000      0.000
4436      0.000      0.000      0.000
4448      0.000      0.000      0.000
4449      0.000      0.000      0.000
4450      0.000      0.000      0.000
4456      0.000      0.000      0.000
4458      0.000      0.000      0.000
4460      0.000      0.000      0.000
4457      0.000      0.000      0.000
4459      0.000      0.000      0.000
4474      0.000      0.000      0.000
